5556
2446
1233
1369
1455
1225
2233
5567
1356
3556
1223
1124
1244
5578
4446
3348
3369
2347
3349
1123
3456
2889
2338
4668
2237
3689
1114
1137
1568
1238
4488
1222
1333
2558
3333
2389
1248
4478
1144
2259
1345
2478
1115
1346
3557
2357
2235
1259
2255
1355
2249
1577
2369
3555
1246
2568
4688
4578
2489
5667
1567
1268
3339
1479
2449
3344
4567
1448
1234
1336
2224
2555
3367
2448
2358
2799
2334
2379
1359
1367
2229
1366
3558
2346
2345
3355
3449
2368
2236
1339
2457
3337
1239
1678
4566
2567
2245
1134
1467
5677
4456
3338
4588
3336
2579
2789
2599
2447
2689
2279
2223
1289
2444
3677
4556
2679
1224
5679
1125
2239
3589
3678
2226
1258
3334
1456
2888
2225
2228
2477
2246
2779
3356
3378
2355
2445
2348
4469
4457
1126
1255
4479
4445
2557
4489
2268
1299
2277
4679
2367
1247
3467
3346
3578
2667
2399
2269
1278
1135
3679
4689
3447
1145
1227
2777
1279
1357
1249
3455
2778
2578
1789
2377
3399
1337
4568
2238
4458
1344
1335
3566
3799
1458
2299
2458
2333
1229
1138
2227
1445
1348
3368
3478
1446
4468
1257
2344
3559
1379
3479
3379
3389
1116
2256
2588
2288
1267
1358
1349
1146
2688
2677
1457
2248
3357
1459
3466
2456
1779
2356
3335
3569
2258
3359
2666
1269
2788
2566
4466
1237
3446
3489
3469
3789
2559
2488
1488
2668
2467
1338
2466
3358
2289
2388
3579
2556
1226
1557
1799
2469
2267
1139
3445
2999
2336
1688
5568
1266
3668
1236
2378
2468
3699
2479
2234
1277
1368
2278
2339
1235
3458
1136
2569
3388
4467
2499
4448
1228
2459
3468
2577
1668
2669
2589
1579
1469
1468
1466
2247
2359
1133
4669
3567
2455
2337
1256
2335
5689
2266
1288
1156
1245
3345
3488
2366
2349
1566
2244
3448
3366
2899
2699
2678
